HiLo floors
Double Punch;22.10.2019;09:23;29.11.2019;09:56;38;00:33;
94;1;20
2913;3;7.0;1.4
1;150.000;150.000;7716;2911;106.9;6.1;0.66
Index;Element;Markierung;Zeit;Kraft;Weg
;;;s;kN;mm
1;100;5000;0.0000;4.99;-0.001
2;100;100;1.8100;5.49;0.002
3;100;100;3.2100;5.99;0.007
4;100;100;4.7100;6.49;0.010
5;100;100;7.5100;7.50;0.017
6;100;100;9.4100;8.12;0.022
7;100;100;10.5100;8.54;0.025
8;100;100;13.4100;9.56;0.034
9;100;100;15.6100;10.35;0.037
10;100;100;16.3100;10.59;0.039
11;100;100;19.3100;11.63;0.043
12;100;100;21.8100;12.51;0.050
13;100;100;22.2100;12.65;0.051
14;100;100;25.2100;13.67;0.057
15;100;100;28.0100;14.65;0.060
16;100;100;28.1100;14.72;0.060
17;100;100;31.1100;15.75;0.064
18;100;100;31.4100;15.88;0.068
19;100;100;34.0100;16.81;0.071
20;100;100;34.4100;16.90;0.072
21;100;100;37.0100;17.81;0.075
22;100;100;39.8100;18.83;0.080
23;100;100;40.6100;19.07;0.083
24;100;100;42.7100;19.83;0.087
25;100;100;45.6100;20.86;0.094
26;100;100;46.8100;21.29;0.094
27;100;100;48.6100;21.87;0.095
28;100;100;51.4100;22.88;0.101
29;100;100;53.0100;23.41;0.102
30;100;100;54.4100;23.90;0.107
31;100;100;57.3100;24.93;0.111
32;100;100;59.2100;25.59;0.114
33;100;100;60.3100;25.99;0.118
34;100;100;63.2100;26.99;0.122
35;100;100;65.4100;27.76;0.125
36;100;100;66.1100;28.02;0.126
37;100;100;69.0100;29.04;0.136
38;100;100;71.6100;29.93;0.141
39;100;100;72.0100;30.06;0.139
40;100;100;74.9100;31.09;0.145
41;100;100;77.8100;32.15;0.150
42;100;100;77.9100;32.17;0.152
43;100;100;80.9100;33.18;0.156
44;100;100;83.8100;34.20;0.159
45;100;100;84.1100;34.31;0.160
46;100;100;86.7100;35.22;0.163
47;100;100;86.9100;35.30;0.168
48;100;100;89.5100;36.23;0.169
49;100;100;90.4100;36.51;0.170
50;100;100;92.5100;37.27;0.172
51;100;100;95.4100;38.28;0.174
52;100;100;96.6100;38.69;0.178
53;100;100;98.4100;39.32;0.178
54;100;100;101.3100;40.34;0.181
55;100;100;102.8100;40.85;0.182
56;100;100;104.2100;41.36;0.187
57;100;100;107.1100;42.38;0.194
58;100;100;109.0100;43.04;0.194
59;100;100;110.0100;43.41;0.198
60;100;100;113.0100;44.43;0.203
61;100;100;115.2100;45.20;0.205
62;100;100;115.9100;45.46;0.206
63;100;100;118.8100;46.46;0.209
64;100;100;121.4100;47.38;0.217
65;100;100;121.7100;47.49;0.214
66;100;100;124.7100;48.52;0.222
67;100;100;127.5100;49.54;0.225
68;100;100;127.7100;49.58;0.225
69;100;100;130.5100;50.55;0.231
70;100;100;133.4100;51.59;0.237
71;100;100;133.9100;51.74;0.236
72;100;100;136.3100;52.59;0.240
73;100;100;139.2100;53.61;0.245
74;100;100;140.1100;53.91;0.247
75;100;100;142.1100;54.61;0.251
76;100;100;145.0100;55.63;0.256
77;100;100;146.3100;56.10;0.256
78;100;100;147.8100;56.64;0.260
79;100;100;150.8100;57.66;0.264
80;100;100;151.3100;57.83;0.268
81;100;100;152.6100;58.31;0.270
82;100;100;153.8100;58.71;0.273
83;100;100;156.7100;59.74;0.279
84;100;100;158.8100;60.49;0.283
85;100;100;159.6100;60.77;0.285
86;100;100;162.5100;61.78;0.289
87;100;100;165.0100;62.67;0.297
88;100;100;165.4100;62.82;0.297
89;100;100;168.2100;63.82;0.302
90;100;100;171.2100;64.83;0.306
91;100;100;171.3100;64.88;0.306
92;100;100;174.1100;65.90;0.310
93;100;100;177.1100;66.91;0.318
94;100;100;177.5100;67.07;0.317
95;100;100;180.0100;67.92;0.326
96;100;100;182.9100;68.94;0.326
97;100;100;183.7100;69.19;0.330
98;100;100;185.7100;69.97;0.332
99;100;100;188.8100;71.02;0.342
100;100;100;189.9100;71.40;0.341
101;100;100;191.7100;72.02;0.347
102;100;100;194.6100;73.04;0.355
103;100;100;196.1100;73.55;0.359
104;100;100;197.4100;74.04;0.362
105;100;100;199.1100;74.61;0.368
106;100;100;200.5100;75.08;0.371
107;100;100;202.4100;75.76;0.374
108;100;100;203.4100;76.12;0.375
109;100;100;206.3100;77.12;0.382
110;100;100;208.6100;77.93;0.387
111;100;100;209.2100;78.15;0.388
112;100;100;212.0100;79.16;0.394
113;100;100;214.8100;80.11;0.400
114;100;100;214.9100;80.16;0.402
115;100;100;218.0100;81.22;0.407
116;100;100;220.9100;82.25;0.415
117;100;100;221.1100;82.30;0.417
118;100;100;223.8100;83.27;0.424
119;100;100;226.7100;84.28;0.435
120;100;100;227.3100;84.49;0.435
121;100;100;229.6100;85.33;0.443
122;100;100;232.6100;86.36;0.453
123;100;100;233.5100;86.66;0.455
124;100;100;235.6100;87.38;0.460
125;100;100;238.5100;88.40;0.467
126;100;100;238.6100;88.44;0.469
127;100;100;239.8100;88.86;0.472
128;100;100;241.4100;89.46;0.475
129;100;100;244.3100;90.46;0.486
130;100;100;246.0100;91.01;0.488
131;100;100;247.2100;91.47;0.496
132;100;100;250.2100;92.53;0.508
133;100;100;252.2100;93.19;0.514
134;100;100;253.1100;93.54;0.517
135;100;100;256.0100;94.56;0.524
136;100;100;258.4100;95.36;0.532
137;100;100;258.9100;95.57;0.535
138;100;100;261.8100;96.60;0.545
139;100;100;264.6100;97.54;0.555
140;100;100;264.8100;97.60;0.556
141;100;100;267.7100;98.63;0.562
142;100;100;269.4100;99.24;0.569
143;100;100;270.6100;99.67;0.569
144;100;100;271.0100;99.76;0.572
145;100;100;273.6100;100.69;0.580
146;100;100;276.5100;101.73;0.591
147;100;100;277.2100;101.96;0.595
148;100;100;279.4100;102.75;0.600
149;100;100;282.3100;103.79;0.613
150;100;100;283.4100;104.11;0.617
151;100;100;285.3100;104.82;0.630
152;100;100;288.3100;105.86;0.648
153;100;100;289.6100;106.28;0.655
154;100;100;291.4100;106.91;0.661
155;100;100;292.8100;104.55;0.669
156;100;100;292.9100;100.17;0.671
157;100;100;293.0100;98.33;0.675
158;100;100;293.2100;96.99;0.682
159;100;100;293.6100;95.79;0.701
160;100;100;293.9100;94.64;0.723
161;100;100;294.1100;93.05;0.741
162;100;100;294.2100;90.89;0.766
163;100;100;294.3100;60.05;0.679
164;100;100;294.4100;35.47;0.587
165;100;100;294.5100;19.96;0.518
166;100;100;294.6100;10.12;0.464
167;100;510;294.6100;10.12;0.464
168;100;100;294.7100;3.77;0.419
169;100;100;294.8100;0.00;0.384
170;100;100;294.9100;-2.22;0.345

2;150.000;150.000;7728;2915;141.7;8.0;1.31
Index;Element;Markierung;Zeit;Kraft;Weg
;;;s;kN;mm
1;100;5000;0.0000;5.00;0.000
2;100;100;1.7100;5.47;0.004
3;100;100;4.4100;6.45;0.005
4;100;100;4.6100;6.52;0.009
5;100;100;7.4100;7.53;0.015
6;100;100;10.4100;8.54;0.021
7;100;100;10.7100;8.67;0.022
8;100;100;13.2100;9.56;0.028
9;100;100;16.1100;10.56;0.037
10;100;100;16.9100;10.83;0.040
11;100;100;19.1100;11.60;0.042
12;100;100;22.1100;12.65;0.048
13;100;100;23.1100;13.00;0.049
14;100;100;25.1100;13.68;0.058
15;100;100;28.0100;14.70;0.067
16;100;100;29.3100;15.16;0.069
17;100;100;30.9100;15.75;0.074
18;100;100;33.8100;16.76;0.081
19;100;100;35.5100;17.35;0.084
20;100;100;36.8100;17.80;0.086
21;100;100;39.7100;18.81;0.090
22;100;100;41.7100;19.48;0.094
23;100;100;42.6100;19.83;0.094
24;100;100;43.4100;20.11;0.097
25;100;100;45.5100;20.83;0.098
26;100;100;48.0100;21.71;0.104
27;100;100;48.4100;21.86;0.104
28;100;100;51.3100;22.86;0.108
29;100;100;54.2100;23.86;0.116
30;100;100;54.3100;23.90;0.115
31;100;100;57.1100;24.89;0.123
32;100;100;60.0100;25.93;0.128
33;100;100;60.5100;26.10;0.130
34;100;100;62.9100;26.94;0.135
35;100;100;65.8100;27.95;0.140
36;100;100;66.7100;28.26;0.138
37;100;100;68.7100;28.97;0.146
38;100;100;71.6100;29.98;0.153
39;100;100;72.9100;30.43;0.153
40;100;100;74.5100;30.99;0.157
41;100;100;77.4100;31.99;0.160
42;100;100;79.1100;32.59;0.163
43;100;100;80.3100;33.03;0.167
44;100;100;83.3100;34.03;0.173
45;100;100;85.3100;34.78;0.175
46;100;100;86.2100;35.03;0.174
47;100;100;89.0100;36.08;0.179
48;100;100;91.5100;36.96;0.183
49;100;100;91.9100;37.09;0.186
50;100;100;94.8100;38.10;0.188
51;100;100;97.7100;39.12;0.197
52;100;100;97.8100;39.16;0.194
53;100;100;100.7100;40.15;0.198
54;100;100;103.6100;41.17;0.206
55;100;100;104.0100;41.33;0.207
56;100;100;106.5100;42.22;0.210
57;100;100;109.5100;43.25;0.219
58;100;100;110.2100;43.48;0.222
59;100;100;112.3100;44.25;0.225
60;100;100;115.2100;45.27;0.230
61;100;100;116.4100;45.65;0.231
62;100;100;118.2100;46.29;0.235
63;100;100;121.1100;47.33;0.238
64;100;100;122.6100;47.84;0.239
65;100;100;124.1100;48.37;0.240
66;100;100;127.0100;49.38;0.247
67;100;100;128.8100;49.98;0.253
68;100;100;129.9100;50.39;0.252
69;100;100;132.7100;51.40;0.257
70;100;100;135.0100;52.14;0.263
71;100;100;135.7100;52.42;0.264
72;100;100;138.7100;53.45;0.270
73;100;100;141.2100;54.34;0.278
74;100;100;141.6100;54.49;0.276
75;100;100;144.5100;55.50;0.285
76;100;100;147.4100;56.48;0.291
77;100;100;147.5100;56.55;0.291
78;100;100;149.5100;57.25;0.297
79;100;100;150.4100;57.58;0.297
80;100;100;153.3100;58.60;0.305
81;100;100;153.8100;58.78;0.310
82;100;100;156.3100;59.62;0.312
83;100;100;159.1100;60.63;0.320
84;100;100;160.0100;60.96;0.320
85;100;100;162.0100;61.67;0.327
86;100;100;164.9100;62.68;0.332
87;100;100;166.2100;63.14;0.335
88;100;100;167.8100;63.70;0.339
89;100;100;170.8100;64.75;0.345
90;100;100;172.4100;65.31;0.346
91;100;100;173.7100;65.76;0.349
92;100;100;176.6100;66.78;0.354
93;100;100;178.6100;67.45;0.360
94;100;100;179.5100;67.80;0.362
95;100;100;182.5100;68.85;0.368
96;100;100;184.8100;69.63;0.376
97;100;100;185.5100;69.87;0.380
98;100;100;188.3100;70.87;0.386
99;100;100;191.0100;71.80;0.391
100;100;100;191.3100;71.90;0.394
101;100;100;192.8100;72.47;0.397
102;100;100;194.1100;72.91;0.399
103;100;100;197.0100;73.91;0.407
104;100;100;197.4100;74.03;0.409
105;100;100;199.9100;74.93;0.413
106;100;100;202.8100;75.96;0.424
107;100;100;203.6100;76.24;0.428
108;100;100;205.6100;76.96;0.435
109;100;100;208.5100;77.96;0.442
110;100;100;209.8100;78.37;0.447
111;100;100;211.4100;78.98;0.450
112;100;100;214.3100;80.02;0.462
113;100;100;216.0100;80.55;0.467
114;100;100;217.3100;81.04;0.469
115;100;100;220.2100;82.04;0.476
116;100;100;222.2100;82.76;0.480
117;100;100;223.1100;83.05;0.484
118;100;100;226.0100;84.08;0.492
119;100;100;227.9100;84.75;0.498
120;100;100;228.5100;84.91;0.499
121;100;100;228.9100;85.12;0.501
122;100;100;231.9100;86.12;0.512
123;100;100;234.7100;87.09;0.524
124;100;100;234.8100;87.14;0.524
125;100;100;237.7100;88.16;0.539
126;100;100;240.6100;89.18;0.547
127;100;100;241.0100;89.32;0.547
128;100;100;243.6100;90.24;0.556
129;100;100;246.6100;91.29;0.567
130;100;100;247.2100;91.49;0.569
131;100;100;249.5100;92.29;0.575
132;100;100;252.4100;93.31;0.589
133;100;100;253.4100;93.66;0.592
134;100;100;255.1100;94.29;0.599
135;100;100;255.3100;94.36;0.601
136;100;100;258.3100;95.40;0.612
137;100;100;259.7100;95.89;0.620
138;100;100;261.3100;96.42;0.624
139;100;100;264.2100;97.43;0.635
140;100;100;265.9100;98.02;0.642
141;100;100;267.0100;98.47;0.644
142;100;100;269.9100;99.49;0.656
143;100;100;272.1100;100.23;0.669
144;100;100;272.9100;100.52;0.671
145;100;100;275.9100;101.58;0.688
146;100;100;278.3100;102.41;0.697
147;100;100;278.8100;102.55;0.699
148;100;100;278.9100;102.60;0.698
149;100;100;281.9100;103.64;0.716
150;100;100;284.6100;104.61;0.724
151;100;100;284.8100;104.71;0.724
152;100;100;287.7100;105.71;0.736
153;100;100;290.7100;106.77;0.749
154;100;100;290.9100;106.80;0.750
155;100;100;293.8100;107.82;0.761
156;100;100;296.7100;108.82;0.773
157;100;100;297.1100;108.98;0.776
158;100;100;299.5100;109.85;0.787
159;100;100;301.0100;110.34;0.799
160;100;100;302.6100;110.90;0.814
161;100;100;303.4100;111.18;0.818
162;100;100;305.5100;111.90;0.828
163;100;100;308.4100;112.94;0.840
164;100;100;309.6100;113.32;0.845
165;100;100;311.4100;113.97;0.850
166;100;100;314.2100;115.02;0.862
167;100;100;315.8100;115.50;0.867
168;100;100;317.3100;116.05;0.878
169;100;100;320.2100;117.08;0.890
170;100;100;321.8100;117.61;0.899
171;100;100;322.1100;117.75;0.900
172;100;100;323.2100;118.11;0.903
173;100;100;326.1100;119.14;0.921
174;100;100;328.3100;119.91;0.931
175;100;100;329.0100;120.17;0.936
176;100;100;331.9100;121.18;0.952
177;100;100;334.5100;122.04;0.972
178;100;100;334.9100;122.24;0.974
179;100;100;337.8100;123.25;0.993
180;100;100;338.6100;123.50;1.000
181;100;100;340.8100;124.27;1.011
182;100;100;340.9100;124.34;1.013
183;100;100;343.7100;125.28;1.025
184;100;100;346.5100;126.28;1.039
185;100;100;347.1100;126.46;1.043
186;100;100;349.4100;127.29;1.058
187;100;100;352.3100;128.30;1.077
188;100;100;353.3100;128.66;1.084
189;100;100;355.2100;129.32;1.101
190;100;100;358.1100;130.37;1.117
191;100;100;359.5100;130.81;1.122
192;100;100;361.0100;131.38;1.129
193;100;100;364.0100;132.42;1.146
194;100;100;365.7100;133.02;1.158
195;100;100;367.0100;133.47;1.165
196;100;100;370.0100;134.50;1.183
197;100;100;371.9100;135.14;1.197
198;100;100;372.9100;135.51;1.200
199;100;100;373.2100;135.62;1.201
200;100;100;375.7100;136.52;1.216
201;100;100;378.2100;137.40;1.229
202;100;100;378.7100;137.54;1.232
203;100;100;381.6100;138.56;1.249
204;100;100;384.4100;139.54;1.265
205;100;100;384.5100;139.56;1.268
206;100;100;387.3100;140.58;1.288
207;100;100;389.6100;141.34;1.303
208;100;100;390.3100;141.61;1.305
209;100;100;390.8100;141.74;1.307
210;100;100;392.6100;131.02;1.327
211;100;100;392.7100;84.87;1.281
212;100;100;392.8100;54.73;1.186
213;100;100;392.9100;34.29;1.102
214;100;100;393.0100;20.89;1.034
215;100;100;393.1100;12.22;0.965
216;100;510;393.1100;12.22;0.965
217;100;100;393.2100;6.32;0.919
218;100;100;393.3100;2.50;0.878
219;100;100;393.4100;-0.03;0.855
220;100;100;393.5100;-1.56;0.817

